1074
1078
1077
1076
1076
1074
1073
1070
1068
1069
1065
1064
1064
1062
1060
1058
1058
1056
1051
1053
1054
1054
1048
1047
1047
1045
1041
1039
1039
1039
1036
1035
1034
1036
1047
1052
1046
1043
1043
1043
1045
1043
1039
1036
1033
1032
1031
1028
1028
1028
1025
1023
1020
1018
1016
1013
1011
1010
1008
1008
1007
1006
1005
1004
1000
1001
998
996
994
990
988
988
986
985
985
982
980
977
975
974
973
972
970
970
969
967
964
962
962
959
957
957
956
954
950
950
950
949
943
943
945
940
938
939
939
939
933
931
931
933
932
926
926
926
925
920
920
920
921
917
914
914
913
911
911
908
911
906
902
904
902
902
902
897
897
896
896
894
892
891
888
887
885
887
884
884
882
879
878
875
874
874
874
875
872
871
869
866
864
863
862
864
863
858
857
857
856
853
849
847
847
847
846
844
844
843
839
837
836
836
836
835
833
833
833
831
828
825
825
825
825
822
820
819
818
817
815
814
813
813
813
813
810
808
806
804
803
802
802
802
801
799
797
796
795
794
793
792
791
789
788
786
786
785
784
783
781
779
777
776
775
775
774
773
772
769
767
766
765
764
764
762
761
760
758
757
756
755
754
753
752
751
750
748
747
745
744
743
741
740
739
739
739
737
735
734
733
732
731
730
730
729
727
726
725
723
722
721
720
719
719
717
716
714
713
711
710
708
707
706
705
703
702
700
698
697
695
693
691
690
690
690
689
687
686
684
683
681
680
679
678
677
675
673
672
670
669
668
668
666
665
664
663
661
659
656
655
655
655
654
653
652
650
648
647
645
645
645
644
641
640
638
637
637
638
636
636
633
630
630
629
627
626
625
623
622
622
621
619
618
616
615
614
614
613
612
611
609
608
606
605
604
603
603
601
599
598
598
598
597
597
595
593
591
590
591
590
590
588
587
586
585
584
584
583
582
581
580
580
579
578
576
575
575
575
575
574
570
568
569
569
568
565
565
565
565
564
565
561
559
559
559
557
556
555
554
552
551
550
550
550
548
547
552
549
548
547
548
549
542
544
542
540
541
540
539
539
539
539
539
539
538
538
538
537
537
538
537
536
535
536
535
535
534
534
534
534
534
534
533
533
536
534
533
534
534
535
534
533
531
531
532
533
532
531
533
533
