65
59
59
59
59
60
60
60
60
61
61
61
62
62
63
63
63
64
64
64
65
65
66
66
67
67
67
68
68
69
69
70
70
71
72
72
72
73
74
75
75
75
76
77
78
78
79
80
80
81
82
82
83
84
85
85
86
87
88
89
89
90
91
92
93
93
94
95
96
97
98
98
99
100
101
101
102
105
106
106
106
106
107
108
110
110
111
111
112
113
113
113
114
114
114
114
114
115
115
116
116
117
118
118
119
119
120
120
121
122
122
123
123
124
125
125
125
126
126
127
128
128
129
129
130
130
131
132
132
133
133
134
135
135
135
136
137
138
138
138
139
140
141
141
141
142
143
144
144
144
145
146
147
147
147
148
149
150
150
151
151
152
153
153
154
155
155
156
156
157
158
158
159
159
160
161
161
162
163
163
164
164
165
166
166
167
168
168
169
169
170
171
171
172
172
173
174
175
175
176
177
177
178
178
179
179
180
181
181
182
182
183
183
184
184
185
185
185
186
186
187
187
187
188
188
189
189
190
190
190
191
191
192
192
192
193
193
194
194
195
195
196
196
197
197
197
198
198
199
199
200
200
201
201
201
202
202
203
203
204
204
205
205
206
206
206
207
207
208
208
209
209
210
210
210
211
211
212
212
213
213
214
214
215
215
216
216
217
217
217
218
218
219
219
220
220
220
221
221
222
